88
307
489
525
652
191
445
251
240
69
325
403
517
305
108
71
173
161
457
474
257
617
693
446
154
489
468
320
175
348
41
500
387
688
597
587
54
328
106
642
303
675
69
196
122
369
613
229
499
453
530
407
680
1
687
599
558
462
664
360
211
91
253
671
657
664
588
26
595
248
478
624
338
344
337
656
686
189
621
642
91
198
329
203
695
438
101
440
41
36
383
580
25
336
687
511
223
699
600
204
434
248
308
625
254
565
59
422
678
177
541
471
64
512
130
222
262
189
256
645
671
396
176
138
335
644
134
229
277
152
471
283
235
310
536
259
151
38
613
131
184
461
24
122
515
37
145
394
34
540
195
226
312
422
349
144
19
353
410
308
570
352
534
36
26
308
367
160
233
470
61
303
326
477
662
302
528
432
566
657
301
433
562
316
683
441
16
627
127
500
459
260
627
230
441
91
679
284
384
416
599
253
277
694
671
472
132
256
274
523
412
412
129
638
406
457
581
350
258
606
565
470
418
86
560
331
277
187
654
348
31
653
481
168
174
36
151
192
17
262
110
494
653
547
613
133
254
268
690
184
328
147
332
81
495
409
592
478
436
21
528
646
217
693
253
195
640
252
274
292
698
175
60
374
499
150
381
165
675
298
97
660
324
656
193
615
225
389
68
124
171
501
379
648
498
683
197
561
463
227
696
480
698
239
403
575
408
120
425
485
688
233
111
413
215
586
238
342
668
154
552
148
409
195
157
117
408
463
534
470
19
109
253
480
109
671
340
328
630
555
261
175
425
92
23
116
360
125
333
564
73
97
103
187
492
287
661
520
125
302
215
431
356
214
370
673
228
517
223
698
230
433
286
154
631
199
267
248
149
468
472
579
119
213
322
180
279
372
107
555
161
371
473
436
122
29
654
565
206
315
251
620
356
178
299
61
229
474
193
270
145
365
193
549
362
478
397
68
677
268
291
197
295
682
444
36
457
432
217
593
172
673
333
226
4
468
327
142
564
378
661
122
460
570
571
441
615
293
55
235
536
205
602
210
587
280
435
24
180
613
255
385
513
146
333
394
174
377
24
540
251
582
276
323
417
676
6
78
653
300
325
284
414
587
78
593
42
179
679
651
73
596
600
169
386
241
358
229
94
699
150
487
290
59
478
141
161
411
451
454
617
265
355
571
468
196
561
484
183
57
516
54
66
139
336
593
573
557
493
525
376
79
39
135
190
72
511
661
149
646
632
568
566
204
320
365
255
282
50
434
287
662
669
80
292
52
56
486
641
3
478
554
519
504
660
699
331
448
86
683
271
446
699
311
484
343
361
162
405
630
485
663
233
96
171
150
159
521
599
178
11
221
172
492
185
513
34
249
543
110
631
506
484
459
279
189
200
596
614
477
623
108
14
79
401
697
94
283
552
684
149
214
614
414
28
261
48
561
476
432
156
315
264
646
308
645
563
477
58
75
590
198
648
264
354
462
56
620
649
164
221
417
474
387
243
394
582
324
338
353
174
572
582
573
35
308
683
268
86
627
624
198
78
574
494
141
247
32
353
466
257
556
478
430
290
243
32
622
65
679
321
641
148
57
148
431
41
12
437
351
633
699
684
55
485
577
148
472
579
369
693
334
553
572
93
109
205
623
656
225
442
110
194
468
350
511
238
658
685
233
130
516
313
297
658
405
249
546
346
33
121
433
59
656
247
580
433
475
480
428
80
19
640
6
481
464
436
646
513
108
228
668
145
73
47
385
289
88
87
682
619
460
132
468
227
248
637
475
510
44
229
652
551
225
93
659
90
695
239
395
200
199
46
380
408
290
6
235
237
165
226
512
56
433
207
402
142
54
651
581
535
544
98
157
426
378
490
344
677
586
102
580
63
258
86
398
157
385
441
539
163
275
612
237
482
447
619
611
135
611
442
319
553
338
502
161
448
302
14
485
474
609
277
366
279
270
122
134
234
372
254
681
134
418
590
373
171
211
97
104
23
486
586
657
613
107
417
18
153
141
383
483
56
71
368
197
112
6
51
390
489
540
497
621
567
555
140
226
4
453
430
567
197
308
71
70
245
587
231
98
694
659
206
450
437
578
299
109
680
314
8
469
499
353
380
499
437
692
113
487
181
121
677
501
245
160
148
403
126
210
425
187
314
229
386
397
403
44
478
187
277
126
607
489
488
247
201
651
536
563
326
322
62
642
354
114
112
465
306
211
332
52
689
608
506
59
641
121
276
449
230
437
687
523
352
518
132
573
630
289
41
272
358
507
471
586
557
627
33
686
104
623
383
96
357
528
280
447
96
9
254
155
381
12
697
223
189
173
11
696
373
246
467
501
310
215
24
151
334
366
333
220
652
538
203
39
576
189
699
535
354
234
190
41
257
565
615
145
244
562
577
108
233
28
259
164
66
318
68
137
189
580
363
353
375
177
524
113
94
154
677
522
365
15
9
298
377
518
218
358
341
4
390
425
6
248
448
60
553
75
269
246
163
498
223
308
24
631
494
362
491
407
98
288
682
625
333
243
289
140
121
484
42
159
665
31
568
154
642
602
620
6
66
436
23
638
226
66
257
261
480
121
120
96
354
638
316
215
170
192
166
88
177
338
45
212
236
617
460
535
58
280
167
217
454
281
28
578
96
609
675
486
132
303
687
132
46
578
684
178
466
484
358
644
77
392
534
519
321
468
344
385
659
680
22
517
442
675
429
584
83
403
21
539
384
404
602
445
650
543
246
378
540
592
367
674
113
571
582
123
322
584
78
381
94
242
584
420
158
286
463
230
449
651
104
152
269
540
564
178
497
334
489
526
152
521
455
280
10
382
397
513
317
501
549
84
342
472
317
502
611
24
695
22
454
426
364
396
135
367
665
547
335
65
206
78
265
188
396
532
435
93
159
624
127
254
165
484
223
396
559
530
119
383
469
198
249
183
660
131
247
288
333
600
489
627
657
167
125
408
649
473
393
200
631
309
696
440
646
439
242
161
160
457
422
516
126
4
242
654
125
590
103
676
192
17
498
640
89
249
274
536
671
22
555
84
242
407
484
111
73
299
146
340
312
546
58
71
105
174
166
359
675
61
504
151
255
474
462
453
639
103
457
331
660
257
613
464
544
507
363
587
408
618
148
223
305
534
638
468
306
407
608
59
378
83
461
517
88
107
270
0
631
293
299
534
345
173
168
176
592
220
597
472
393
502
127
364
657
449
334
698
477
683
292
133
641
72
416
441
369
116
469
431
472
372
66
345
539
569
151
613
255
367
118
509
235
265
119
427
140
309
693
82
126
233
51
369
456
566
360
416
49
145
232
686
527
352
471
679
693
399
175
190
292
128
669
647
434
42
221
158
516
273
357
80
346
495
661
315
417
94
492
451
660
83
6
124
164
316
90
678
475
510
403
163
12
6
372
614
506
328
436
695
675
323
460
248
623
120
32
124
178
318
650
183
694
588
163
397
254
105
582
628
633
402
688
472
99
489
341
34
635
73
641
677
481
195
651
401
3
632
127
651
187
406
620
195
560
665
196
437
154
486
129
302
299
247
88
542
369
190
425
443
182
92
643
640
228
462
282
669
537
463
163
364
694
614
115
441
16
174
29
336
356
48
358
511
370
608
414
60
597
241
601
424
609
145
451
29
441
440
106
202
597
57
10
244
241
104
392
66
284
420
108
623
535
30
148
109
616
671
467
362
172
685
491
526
126
271
332
139
447
392
408
137
615
345
556
558
240
135
77
2
639
305
299
145
104
129
677
678
347
587
249
685
573
658
288
597
292
200
410
566
684
191
507
253
235
149
467
306
297
625
135
97
625
486
658
274
35
537
287
555
530
264
400
131
317
154
496
360
687
215
666
491
129
52
462
584
650
188
346
561
213
574
602
279
346
476
460
355
3
553
635
40
121
326
487
18
396
62
183
261
252
644
195
36
334
71
313
372
539
174
494
217
275
691
401
691
346
89
697
627
153
237
437
409
157
425
298
158
113
424
144
678
137
39
373
231
2
406
687
186
205
264
453
332
233
63
530
22
302
570
410
502
68
34
185
485
40
365
526
445
69
92
41
288
572
312
69
364
386
434
18
226
658
640
127
442
676
219
580
108
405
384
50
393
81
28
587
677
316
375
62
225
408
137
233
643
239
339
115
449
577
182
248
535
234
559
446
453
368
551
366
117
462
237
598
15
672
578
467
493
223
201
662
646
586
548
295
6
80
20
373
672
121
112
539
363
71
121
673
367
196
578
162
172
231
583
364
336
65
92
565
481
675
400
399
526
578
669
684
14
50
659
285
489
559
684
405
520
378
314
617
575
597
213
522
342
79
345
243
144
627
663
41
80
339
196
173
31
596
446
77
464
453
308
75
178
458
135
319
599
8
614
476
446
170
623
19
331
267
326
37
519
139
3
154
144
675
333
350
468
238
6
56
105
222
679
562
633
464
112
637
375
304
274
322
470
373
144
329
439
69
180
346
122
172
495
226
395
0
156
577
53
2
423
486
212
283
408
382
53
598
100
635
422
26
24
245
657
411
138
4
245
115
629
282
577
615
228
679
246
580
75
115
231
144
57
131
268
226
100
92
230
311
491
133
178
238
289
132
538
167
502
620
599
303
291
586
82
628
13
467
672
409
63
298
73
442
365
591
80
142
569
115
489
448
228
619
500
424
389
172
322
195
483
301
163
511
489
382
319
351
87
480
499
134
245
113
687
634
87
206
141
423
116
648
117
369
23
256
684
672
97
99
496
288
422
563
110
654
99
308
27
551
321
491
313
391
587
653
689
104
98
71
187
133
245
306
386
354
693
50
514
627
663
437
140
49
318
46
235
553
248
479
478
12
644
72
519
296
530
693
496
558
658
116
297
180
369
349
544
110
98
695
193
672
193
37
50
68
232
105
512
250
474
92
29
24
163
407
173
153
183
586
479
654
436
592
440
377
502
286
32
677
661
241
190
674
693
15
191
626
131
154
423
530
624
157
106
305
395
316
118
666
112
447
242
184
192
534
517
294
97
696
301
93
2
210
61
507
493
504
222
498
597
599
421
450
366
410
432
28
439
138
0
404
423
328
558
257
53
575
277
189
423
204
531
116
95
663
106
591
435
303
227
426
474
525
130
697
152
558
680
624
124
75
213
690
346
558
62
117
536
532
19
697
66
157
651
695
169
464
392
196
281
608
139
543
511
109
313
283
214
533
116
506
698
634
502
228
39
564
390
684
140
247
238
42
44
503
200
257
663
213
453
95
209
288
364
528
420
637
192
616
192
75
623
6
372
426
634
166
548
699
598
621
494
449
353
152
539
483
178
599
10
126
667
597
141
75
77
550
360
318
73
288
538
309
369
571
226
241
219
232
115
566
327
465
465
530
565
60
585
12
65
469
229
95
211
241
688
159
447
597
283
16
581
256
292
115
247
302
66
597
263
318
511
137
556
8
530
326
406
584
632
527
414
74
538
52
376
79
429
466
492
436
138
59
48
131
286
640
395
635
281
283
559
45
156
477
445
61
308
373
331
318
610
187
156
283
377
625
436
307
182
508
206
584
493
674
613
268
224
652
187
509
365
183
423
244
165
161
135
397
360
410
70
397
321
169
243
332
571
445
157
349
330
332
176
281
243
195
621
265
398
32
503
41
386
661
98
46
552
682
453
303
134
167
345
453
535
79
300
600
675
538
616
62
341
50
11
522
37
600
136
449
568
463
578
19
511
125
678
93
168
119
151
124
537
398
169
278
207
416
509
520
530
214
65
336
266
3
21
476
470
179
150
481
374
357
672
674
393
207
333
433
281
605
153
28
561
641
249
644
204
17
504
212
432
110
635
477
71
110
645
235
215
314
515
551
625
523
165
115
99
251
204
248
86
618
8
127
571
626
567
4
552
105
353
415
332
566
175
300
63
560
643
602
363
699
58
89
667
228
193
314
662
304
662
619
145
9
131
500
555
266
321
692
34
181
435
674
186
54
341
313
66
468
84
362
303
484
232
461
625
601
585
150
361
268
569
131
65
435
334
472
232
289
52
454
274
427
585
684
91
638
581
140
92
154
227
503
54
278
445
41
572
525
0
124
241
117
19
391
246
278
646
622
426
315
624
529
611
614
506
199
75
302
643
13
697
663
292
656
41
461
213
300
270
177
231
331
553
640
273
655
488
338
26
367
451
600
425
401
255
307
499
117
653
254
86
329
57
658
623
334
232
285
360
94
148
252
372
673
226
346
571
323
347
378
174
223
496
548
446
70
205
485
38
214
666
682
108
223
560
272
633
109
61
326
537
160
407
130
241
656
468
5
101
615
311
374
418
277
344
587
216
489
465
549
678
495
565
41
451
538
66
412
617
12
255
55
481
300
533
40
357
152
406
174
326
451
220
63
647
607
672
297
575
352
99
306
131
276
639
325
275
188
199
286
695
344
404
534
692
336
456
665
337
26
244
109
139
96
210
424
400
698
691
21
287
309
335
536
370
253
31
220
626
9
495
583
0
340
544
485
365
499
334
577
244
578
503
494
412
285
394
573
165
609
282
621
256
355
229
80
494
445
498
216
538
463
330
210
111
10
625
294
474
445
105
29
350
316
251
625
65
654
78
303
354
394
636
407
481
358
61
661
679
181
367
219
377
147
521
152
612
679
528
479
413
334
371
133
507
579
551
441
406
287
259
314
292
513
531
172
451
222
579
443
386
288
327
634
424
286
134
124
267
346
183
697
499
66
158
123
424
52
88
544
622
396
601
696
210
56
635
165
246
315
663
651
309
51
573
121
678
319
126
398
297
453
102
313
528
313
300
270
7
666
293
332
86
505
204
216
272
345
509
228
665
354
454
189
26
118
474
616
550
698
453
443
5
109
424
9
531
4
563
427
615
258
127
675
634
87
593
687
51
464
632
654
114
650
98
615
141
205
214
483
383
671
52
602
411
394
698
654
458
410
418
436
461
208
453
527
593
608
498
255
82
511
673
415
427
442
648
128
368
375
388
374
534
110
673
164
144
151
535
371
679
543
577
396
131
471
44
365
477
250
624
411
433
168
192
582
541
516
696
297
237
497
172
660
75
647
469
660
159
565
184
554
691
495
519
104
116
69
451
453
448
112
240
328
473
507
180
685
48
160
90
144
15
594
319
191
425
691
229
654
260
579
272
282
437
682
274
163
448
547
435
259
143
198
400
65
332
18
189
403
267
476
607
349
299
107
101
161
514
249
275
663
67
494
36
46
315
600
169
98
96
660
539
531
646
592
522
99
104
399
41
163
480
309
493
182
335
452
389
60
396
300
613
263
641
362
319
216
115
274
640
56
519
406
176
465
48
415
308
229
185
682
373
203
437
284
61
262
305
460
592
430
176
506
469
32
205
258
130
310
638
302
495
641
497
2
261
269
147
510
200
651
657
389
231
685
287
428
268
510
601
176
113
600
478
15
21
284
83
651
249
322
104
278
42
218
82
363
63
679
177
412
512
158
154
46
431
558
21
225
380
660
133
420
121
642
409
73
631
275
383
597
635
290
172
489
485
419
111
554
302
382
439
571
346
61
143
33
368
335
689
375
47
560
467
299
495
580
90
581
669
256
326
232
568
279
220
379
55
418
279
555
341
316
52
278
144
681
53
503
519
622
473
226
423
304
426
626
432
602
461
580
33
451
95
483
469
193
278
569
534
693
54
49
16
147
462
245
676
421
194
232
603
592
54
110
630
395
303
349
375
652
562
161
321
589
123
350
182
416
663
261
70
80
341
37
428
628
515
465
5
557
424
536
213
236
220
20
114
70
432
15
453
22
553
444
432
345
192
539
582
680
130
525
645
1
402
195
573
295
244
400
182
290
547
266
613
156
267
602
29
479
31
533
545
95
321
473
381
588
236
0
126
244
673
100
416
267
592
334
210
501
665
612
641
699
501
375
665
51
246
282
622
122
16
687
112
33
175
696
254
356
646
198
537
230
282
89
483
539
0
443
644
108
345
472
149
489
652
166
20
225
350
635
440
26
541
600
234
690
291
598
694
216
263
276
7
445
510
119
670
107
100
78
50
40
566
52
622
423
307
409
316
117
459
526
561
255
156
637
478
596
53
21
665
458
510
495
498
616
201
631
1
587
19
502
169
111
274
356
540
430
539
173
321
124
205
533
464
186
48
502
80
525
409
551
315
78
483
223
663
228
155
2
244
378
453
460
696
164
214
176
382
680
486
261
532
415
599
649
636
66
381
162
345
46
306
115
39
100
42
147
509
146
171
445
184
60
250
296
80
619
106
241
350
636
2
687
669
172
303
199
539
71
236
518
157
43
101
669
483
521
308
384
217
556
542
474
415
518
47
313
24
239
461
393
27
175
191
192
303
136
31
66
132
558
652
570
259
160
690
341
442
353
503
521
698
551
644
219
26
467
279
544
693
90
72
110
69
491
335
339
175
487
355
574
263
23
597
109
615
493
573
451
512
690
270
156
466
267
545
291
546
131
679
480
474
210
415
235
512
100
272
529
492
689
217
423
76
676
664
344
118
238
85
308
229
79
302
695
177
64
564
351
373
491
353
486
48
592
6
320
552
45
641
586
222
670
92
685
34
107
235
458
28
527
307
367
253
597
29
74
516
74
291
241
284
187
355
70
607
20
237
686
609
54
150
10
311
190
603
512
51
508
165
689
324
447
403
15
204
98
310
491
579
532
204
638
364
409
684
364
230
154
403
571
263
176
4
540
396
244
131
429
642
454
591
299
371
384
229
130
294
158
405
339
145
320
656
211
215
88
421
355
269
446
13
460
206
150
290
184
100
254
555
563
587
85
618
672
464
672
65
652
592
143
391
513
222
57
658
419
495
457
145
344
485
584
695
254
375
276
456
540
16
206
401
162
206
190
319
537
176
425
134
679
152
184
643
471
511
242
420
222
174
686
240
2
234
160
229
364
572
383
423
522
523
566
619
266
103
200
606
534
231
433
325
100
23
598
441
666
40
148
4
40
238
422
86
279
215
598
635
302
74
595
333
471
443
44
482
543
18
684
285
495
47
277
122
272
609
95
121
374
684
612
675
309
434
150
136
392
229
229
320
588
61
442
60
150
372
85
638
101
208
397
118
467
39
517
321
234
226
475
188
354
347
332
21
66
385
433
464
472
171
427
497
111
341
235
576
640
479
213
47
501
467
175
220
263
241
397
605
346
11
541
261
555
135
517
109
385
641
492
169
529
201
254
162
305
303
7
599
337
191
0
80
689
284
655
419
42
105
421
275
640
98
477
156
636
513
327
629
28
441
78
692
296
13
563
535
72
93
184
595
688
365
178
190
559
255
228
292
121
352
45
468
292
236
179
286
162
544
478
99
46
624
651
291
180
40
355
255
279
244
337
399
102
5
599
41
446
460
6
474
416
350
300
577
26
162
505
293
93
97
233
328
263
36
120
525
38
345
388
555
554
673
387
604
179
302
415
329
574
500
438
185
114
414
168
589
679
634
24
115
293
367
610
647
455
108
360
142
466
93
215
335
341
558
297
313
266
368
613
390
492
109
244
685
332
156
343
650
38
614
390
68
557
240
328
418
526
600
236
443
52
591
0
455
368
369
536
510
688
105
527
63
34
372
579
195
394
473
603
589
54
544
510
11
490
308
258
623
89
595
303
287
471
173
659
182
375
656
515
239
200
662
499
141
494
310
319
194
504
485
698
206
677
562
33
3
555
188
133
555
659
395
13
118
363
499
659
118
635
441
534
617
476
421
171
408
70
421
100
386
629
155
477
329
555
518
650
223
29
519
190
166
531
111
547
288
158
302
366
13
215
126
578
134
494
430
213
36
60
510
464
692
389
664
160
506
154
438
549
512
420
194
487
3
279
619
508
514
450
650
303
24
407
353
606
353
638
304
502
16
487
694
80
211
58
111
447
16
219
476
535
624
399
549
449
240
591
151
233
115
560
42
265
602
455
572
135
387
477
92
222
38
688
215
470
51
98
181
134
664
27
522
648
462
99
583
432
115
473
211
421
331
687
686
601
525
515
225
284
386
463
145
521
348
449
27
89
692
81
621
317
290
381
90
566
586
208
208
224
581
586
407
128
87
560
11
688
163
83
523
549
497
116
504
91
282
288
132
294
203
345
696
596
53
473
22
592
165
445
461
365
301
211
231
679
433
587
297
60
581
428
97
295
28
7
237
544
414
271
300
552
411
404
506
406
307
307
121
471
330
235
602
187
665
531
591
446
72
171
591
574
387
601
449
325
440
561
307
480
206
416
378
147
448
626
209
173
378
363
179
53
385
554
670
497
347
62
392
539
65
417
262
694
5
13
206
320
187
273
526
630
112
298
445
360
623
573
548
587
91
558
167
373
575
517
626
125
532
536
76
520
638
377
21
60
50
282
96
399
307
517
247
556
513
421
147
234
662
259
445
190
146
550
11
600
46
165
165
637
596
333
556
85
654
182
373
200
675
672
415
559
180
358
593
420
456
366
79
250
71
216
200
632
398
505
446
225
220
422
356
507
583
529
156
449
133
93
269
609
524
689
74
582
501
463
361
11
432
487
196
311
678
370
546
166
685
126
352
277
217
243
290
69
504
169
452
664
247
253
102
473
5
22
323
567
422
414
639
590
540
94
584
130
674
203
19
632
397
273
105
99
275
161
28
492
224
284
513
447
113
684
519
314
65
32
121
31
255
556
570
295
213
269
642
410
614
359
490
690
419
330
429
519
492
400
293
300
335
306
93
69
102
124
585
434
537
418
24
141
656
420
591
115
279
38
26
643
457
699
88
452
498
373
568
606
699
243
62
425
241
455
89
66
399
501
651
615
650
520
68
310
194
667
581
218
353
68
16
262
488
179
152
394
624
127
58
203
501
283
611
239
245
447
18
475
138
572
130
483
385
54
377
24
472
61
560
452
549
204
244
26
173
463
94
40
511
71
243
559
665
352
303
14
665
586
538
67
529
421
465
672
177
644
215
334
387
6
14
4
517
668
234
99
467
462
392
149
176
248
199
537
167
393
222
602
411
393
483
15
155
488
173
451
440
6
402
129
617
677
668
76
622
114
350
434
362
513
571
51
263
652
682
357
131
579
573
46
24
530
327
66
681
256
226
204
692
105
186
272
324
698
481
567
140
504
280
458
251
523
98
668
227
643
444
584
437
46
104
564
523
47
228
641
358
662
651
271
607
564
676
16
123
527
690
384
114
504
4
128
645
514
642
685
662
159
117
485
670
533
146
6
594
415
148
87
458
73
265
543
509
27
474
247
159
126
430
444
534
177
306
103
104
667
602
323
582
89
381
589
125
549
599
297
55
318
549
564
301
382
643
314
272
90
189
536
407
200
599
612
394
368
322
28
697
153
648
684
196
78
489
167
119
37
564
202
359
496
357
477
644
673
109
95
110
441
669
177
395
272
101
638
699
579
232
502
614
266
640
673
247
329
659
315
455
106
17
347
174
494
430
401
589
302
365
129
368
592
186
434
671
507
285
463
212
575
136
21
529
467
59
134
85
210
508
594
233
568
441
461
43
654
463
37
247
296
144
270
642
396
385
587
460
497
250
283
355
145
574
570
150
687
448
407
644
549
132
195
181
359
113
344
279
526
203
132
347
168
488
408
328
395
584
317
169
25
573
190
538
240
326
148
235
183
484
303
585
630
572
99
411
186
212
692
47
261
476
210
335
561
629
416
333
507
148
188
270
360
426
160
394
60
269
36
234
499
451
304
664
433
142
201
64
570
411
44
452
279
593
176
298
248
558
246
402
87
442
490
191
158
524
464
507
17
553
577
190
623
252
621
373
375
588
258
75
130
693
294
553
64
81
337
120
57
576
26
435
435
268
413
673
658
172
88
328
367
679
651
188
26
16
541
15
235
0
216
165
439
323
37
561
337
150
378
346
51
579
132
4
75
304
589
351
197
225
375
687
95
163
367
386
473
442
74
135
240
215
498
468
437
121
592
247
216
671
674
295
204
650
496
649
476
192
305
189
387
119
564
554
15
242
532
22
371
538
678
657
92
430
81
434
60
29
449
380
79
492
549
143
617
569
42
253
100
342
45
496
575
151
264
294
409
206
19
288
249
306
414
361
387
424
568
110
67
86
334
332
589
481
520
406
317
413
257
485
149
492
398
35
290
73
476
298
440
193
591
514
411
563
50
118
31
380
588
493
610
86
668
178
210
190
534
397
514
69
343
537
670
428
447
474
191
504
474
440
624
1
616
306
220
608
146
318
109
0
423
422
631
645
239
128
34
447
556
19
444
150
358
337
171
108
21
633
356
237
123
298
25
352
655
119
429
282
118
7
450
202
648
145
40
524
591
120
209
632
129
596
61
268
272
528
0
698
327
209
534
35
635
329
60
140
395
30
470
124
546
513
25
684
368
458
450
579
372
375
64
421
649
397
7
502
127
299
22
661
653
509
640
655
502
457
623
667
681
113
586
351
338
194
402
521
526
630
532
233
114
560
541
506
165
664
142
537
8
682
519
604
244
149
100
209
192
217
608
475
112
414
450
62
273
201
457
104
15
300
363
427
625
245
138
355
76
16
464
648
271
617
481
453
104
482
483
172
252
527
630
514
84
153
642
351
97
221
258
343
666
12
459
636
92
280
30
428
467
650
511
483
172
376
131
195
603
171
569
208
632
485
225
395
294
596
33
638
68
63
562
485
111
214
299
573
509
570
21
489
93
8
319
272
415
642
329
322
143
688
565
602
314
220
89
133
490
569
236
628
540
38
3
662
7
503
584
493
478
263
335
639
99
601
318
460
688
368
407
549
56
589
416
261
668
532
122
142
174
555
631
65
239
192
231
258
513
378
322
5
205
534
349
360
579
389
270
226
235
238
205
118
457
439
585
262
252
420
693
97
632
258
241
136
490
91
637
632
489
640
476
416
444
545
57
469
692
236
603
435
599
132
668
480
546
653
405
133
247
269
252
257
524
499
115
453
137
204
237
594
140
207
471
683
244
430
405
462
343
647
382
158
662
673
86
619
355
219
604
317
489
571
645
112
129
269
468
145
56
339
687
3
486
217
251
425
245
570
48
164
683
393
491
637
450
27
437
147
646
422
17
27
70
38
399
629
351
12
70
428
563
580
467
291
229
101
275
259
627
9
106
485
385
583
26
560
289
256
572
296
48
584
350
634
354
514
306
28
511
641
247
669
618
414
34
58
140
244
348
156
266
466
271
666
511
183
362
196
381
257
171
330
311
279
488
191
657
530
302
9
572
102
87
557
273
175
695
428
652
60
581
629
126
279
315
348
380
575
604
472
359
537
622
345
330
463
574
1
635
503
176
356
122
82
99
691
411
669
57
489
567
311
4
390
67
626
655
465
221
646
72
365
391
78
626
461
198
302
98
252
448
73
674
589
478
326
287
88
346
468
590
485
261
197
591
578
588
379
157
63
317
553
233
247
245
534
289
378
278
694
33
214
663
52
254
400
316
583
55
263
588
246
630
356
20
664
206
169
547
652
371
356
445
343
40
285
5
422
557
284
347
335
330
149
454
688
599
685
330
422
650
357
586
353
511
615
71
218
554
600
598
95
484
394
404
428
540
87
355
449
21
636
667
155
234
69
431
0
109
256
635
115
641
113
85
366
34
576
71
438
83
323
363
174
256
119
382
632
154
123
254
229
669
216
425
284
597
631
519
241
512
697
60
652
203
292
407
365
188
632
274
685
285
433
524
215
532
541
376
388
566
30
392
476
609
249
495
409
182
166
307
63
413
416
583
19
21
621
297
374
344
267
392
473
695
355
386
454
582
651
293
338
236
630
376
303
690
615
377
274
274
283
305
226
438
617
23
7
479
353
295
592
442
478
516
348
286
636
241
5
216
184
241
465
291
659
89
90
286
79
259
324
441
385
578
433
377
40
29
280
273
348
421
489
658
19
510
414
585
277
169
594
84
258
221
10
660
640
112
361
443
275
346
622
290
489
674
697
397
10
236
579
274
365
34
631
548
623
115
345
338
561
606
662
396
532
305
507
606
270
585
123
532
48
570
588
22
263
332
558
66
593
409
91
639
380
316
427
152
595
82
347
106
437
196
161
567
185
252
495
646
256
293
617
349
667
457
450
641
274
494
124
300
494
411
492
639
518
250
612
27
357
123
211
644
652
614
307
106
595
130
554
224
503
642
339
202
262
449
105
162
439
487
151
463
629
398
554
383
595
611
188
648
186
207
385
638
79
674
155
559
165
7
489
511
526
309
161
471
215
206
148
562
5
658
50
647
355
303
142
663
590
488
201
530
215
125
538
645
489
138
3
599
111
8
643
168
234
193
31
560
516
615
131
189
64
93
414
505
514
85
67
674
276
346
244
631
46
522
373
100
383
396
481
235
29
689
636
31
503
564
412
486
111
660
515
658
358
562
363
248
51
525
13
529
168
295
32
7
645
217
222
240
616
114
77
46
91
429
464
211
676
233
417
184
578
62
503
370
368
82
261
420
83
278
597
604
447
500
303
4
203
11
150
589
117
17
133
52
329
388
696
70
245
671
70
570
551
92
31
500
589
438
291
581
344
229
86
386
288
381
391
19
315
378
352
534
358
301
375
301
371
179
39
641
407
444
267
616
292
211
592
658
494
504
566
691
332
452
400
0
672
558
577
477
387
353
524
405
186
598
289
693
677
461
465
411
454
238
203
530
295
486
440
438
526
161
594
94
485
582
527
318
542
155
321
629
697
429
618
419
178
4
0
181
483
242
395
266
645
10
471
344
423
321
205
20
138
292
371
423
609
24
164
331
459
72
259
231
455
421
415
483
117
143
367
135
593
159
183
214
648
337
215
619
71
657
686
517
561
319
285
105
70
580
82
292
638
580
578
635
100
86
481
407
455
47
81
609
627
215
176
265
685
321
595
289
429
314
132
437
213
581
147
368
318
330
153
381
488
141
475
505
448
402
307
335
585
372
405
610
509
583
619
33
369
107
515
496
52
434
626
668
582
490
142
508
200
53
674
513
81
229
474
446
30
272
466
537
239
221
604
614
275
238
386
566
566
403
270
47
696
63
500
433
565
345
234
177
203
525
523
425
683
2
439
576
140
361
260
55
316
536
238
297
409
636
600
182
444
308
505
210
196
641
242
93
226
319
211
247
109
143
635
137
109
258
542
237
5
420
388
421
85
395
154
300
11
134
677
518
582
556
172
654
78
687
301
487
52
337
76
106
113
282
551
296
25
590
22
164
521
602
90
285
597
615
398
517
90
204
581
125
553
398
571
393
545
625
576
236
683
193
439
163
355
638
481
255
352
442
60
189
276
102
483
545
337
168
312
22
516
20
577
697
517
209
389
661
157
16
635
84
144
512
234
629
662
24
363
530
145
598
636
448
70
92
106
649
493
415
217
146
186
228
348
87
24
451
660
61
634
391
611
299
495
138
350
188
68
683
356
680
384
578
650
333
579
241
411
71
147
573
321
425
281
8
483
247
629
378
378
317
304
562
143
64
331
479
446
224
680
292
397
538
498
114
429
41
663
160
114
500
490
521
107
479
563
519
404
360
282
567
32
385
471
118
195
671
113
111
460
261
370
382
192
600
19
337
10
411
78
42
552
471
368
154
468
505
57
249
677
223
667
46
449
121
671
414
635
630
584
258
18
668
682
198
160
105
58
101
689
126
672
438
328
618
589
688
592
273
200
451
53
223
301
376
363
317
120
271
292
387
325
227
473
343
544
279
273
550
636
349
550
340
237
560
234
366
362
427
423
65
162
168
149
98
380
103
8
182
378
272
505
491
243
104
461
640
56
29
48
526
200
668
21
416
245
533
203
79
163
562
101
287
465
196
116
98
139
551
29
43
357
38
318
21
199
271
621
674
278
297
224
42
587
271
401
155
396
460
474
112
63
146
437
201
495
12
526
631
154
342
210
492
518
324
67
238
164
586
446
693
554
666
245
522
568
75
519
563
538
402
667
38
438
92
525
199
330
256
475
478
418
451
86
117
79
406
689
222
179
63
636
5
268
636
44
498
408
410
511
90
112
514
302
124
206
694
215
539
113
283
676
55
451
133
266
358
133
509
7
256
523
139
79
130
52
568
363
161
91
261
625
331
460
392
328
128
420
333
95
22
115
449
283
665
428
406
214
3
76
488
418
33
501
382
163
17
426
486
328
512
156
108
300
502
11
681
344
399
414
661
435
489
578
42
111
462
114
336
698
613
337
59
648
433
485
424
275
409
75
17
215
286
467
299
521
443
633
140
90
156
696
34
117
543
677
39
121
575
88
285
390
90
674
123
435
307
318
309
209
1
165
605
370
660
585
685
660
482
407
182
527
649
669
216
298
611
11
76
115
167
291
55
597
564
516
0
262
336
36
93
355
387
513
366
227
34
414
688
665
31
67
394
78
323
346
111
110
368
226
243
236
92
466
555
193
334
132
24
18
96
84
80
437
290
575
105
309
243
413
167
52
591
522
557
115
201
106
363
373
147
657
635
376
83
206
521
12
372
580
54
17
310
526
433
449
447
288
26
193
20
322
477
656
544
589
434
218
13
310
399
570
329
352
625
468
255
618
677
158
522
454
499
489
79
517
298
425
212
194
56
161
309
522
279
470
604
42
609
60
160
358
77
367
155
267
503
587
237
363
127
481
237
588
673
626
175
485
249
418
127
450
575
459
482
81
538
642
286
547
306
12
673
585
127
46
311
601
37
269
589
341
487
159
183
267
575
110
157
644
272
100
651
301
91
587
322
602
316
516
467
302
91
402
338
287
54
347
515
688
329
194
682
191
636
497
446
668
326
95
186
231
393
83
311
449
625
451
549
158
366
328
593
661
697
226
180
105
130
164
286
135
578
559
61
129
64
435
265
10
209
260
34
245
41
314
222
60
545
653
469
324
312
97
273
163
474
49
30
47
352
539
648
270
213
687
494
468
681
469
640
24
341
70
176
259
60
71
397
668
314
484
304
197
278
332
144
51
673
186
357
168
390
381
658
85
180
262
484
204
493
294
439
24
613
463
477
80
190
652
161
99
380
113
202
256
220
361
693
439
555
6
625
392
677
274
394
332
467
369
96
652
466
296
27
33
566
249
224
381
151
514
247
15
380
666
185
26
233
87
120
522
219
59
597
96
432
346
666
627
25
338
62
544
457
317
38
526
358
24
202
693
359
440
425
314
493
313
15
319
423
228
13
35
10
63
62
516
449
453
596
142
374
160
641
69
118
421
374
69
452
698
331
694
494
24
237
242
343
690
656
429
9
218
536
656
431
261
616
283
203
110
326
618
303
396
154
539
273
94
638
329
621
93
591
676
75
472
302
633
475
131
54
467
682
598
54
604
66
370
206
634
205
530
163
209
519
60
49
677
634
278
458
530
331
204
465
28
268
673
488
50
552
542
203
183
195
664
121
27
312
109
297
32
269
73
192
644
222
303
301
252
53
542
434
379
54
28
150
298
387
194
340
144
591
214
239
533
117
259
339
104
380
542
681
686
453
446
227
435
37
461
223
175
450
54
226
286
325
3
401
405
173
685
680
485
283
191
272
494
502
33
335
517
90
613
121
615
330
23
322
334
27
314
11
239
524
622
679
158
316
475
555
481
479
360
630
188
16
542
236
318
91
20
221
37
695
151
78
412
141
642
579
142
605
543
520
287
601
34
315
483
140
664
60
659
163
192
121
677
319
314
335
320
220
253
117
504
647
411
140
56
204
100
424
177
134
115
463
244
511
29
588
441
416
112
644
271
170
385
409
547
688
91
250
173
105
243
187
386
689
621
310
76
580
560
408
588
267
515
172
106
640
220
141
608
612
437
154
212
588
303
470
448
429
502
657
180
102
248
320
59
301
309
269
7
537
308
487
668
183
481
74
188
234
435
18
380
65
54
275
179
505
677
128
123
261
221
384
105
114
98
107
263
699
132
437
254
154
630
46
171
510
23
594
2
6
209
47
233
174
467
10
683
556
380
191
632
105
371
290
290
559
210
203
106
464
265
649
397
93
215
111
191
593
328
567
185
660
160
477
131
304
121
396
273
695
72
616
259
295
461
196
44
151
524
610
80
8
644
454
595
361
111
44
126
355
381
431
132
564
198
266
642
122
571
641
272
617
597
458
312
130
189
313
466
512
311
575
93
314
354
155
444
625
186
8
450
688
157
515
424
430
632
236
262
117
617
136
313
613
430
477
623
387
477
291
569
652
209
319
78
686
382
494
381
287
339
503
45
309
648
282
681
562
658
342
652
64
412
390
655
672
21
165
12
689
264
448
676
108
488
668
573
204
108
93
82
489
91
405
73
330
634
694
594
639
679
76
14
539
70
291
595
459
8
134
267
69
231
196
89
569
277
588
563
197
324
32
262
292
94
650
308
489
328
288
44
439
284
266
17
495
409
634
344
492
156
420
600
454
492
328
564
501
535
654
156
317
171
468
134
444
40
522
364
364
304
439
138
380
234
149
373
255
345
492
671
100
168
648
492
228
622
236
514
269
36
70
212
531
420
269
393
645
533
254
476
239
277
64
141
456
406
679
627
543
252
441
352
71
154
428
525
428
125
335
78
492
670
544
668
615
615
19
372
331
504
309
687
137
244
675
316
49
179
622
9
420
652
520
26
493
80
438
564
673
66
431
101
364
646
84
342
22
157
65
386
286
266
191
639
130
331
16
476
580
239
429
336
410
460
458
577
38
371
257
425
556
288
449
379
440
392
530
68
695
208
260
472
470
19
84
643
207
505
406
428
125
136
203
429
335
489
195
158
357
611
173
416
684
27
132
695
547
547
443
180
6
87
679
85
591
279
464
591
411
686
310
329
688
672
195
478
434
182
542
649
356
119
450
446
385
227
210
586
619
521
113
387
32
467
79
338
240
593
647
578
391
191
367
102
389
635
666
284
244
115
612
589
322
593
117
93
152
453
316
459
686
240
606
362
372
586
200
138
407
330
302
458
374
151
198
440
436
659
673
532
567
140
373
679
410
631
461
386
256
0
329
102
454
645
313
579
251
250
381
282
562
370
108
678
152
674
479
38
633
130
697
0
643
674
672
622
313
398
497
514
150
544
586
285
285
344
635
76
292
350
3
538
290
693
664
286
286
96
173
13
24
325
281
202
310
387
354
290
68
145
495
319
641
450
443
401
64
16
74
419
396
623
278
481
664
483
212
666
371
450
589
81
256
196
289
261
683
458
371
113
97
166
574
351
553
565
143
649
263
458
563
694
90
223
202
79
22
335
248
350
228
687
115
545
295
631
109
464
55
192
54
244
601
299
667
480
455
521
495
270
210
339
103
432
278
589
226
529
61
226
242
462
8
471
346
433
243
609
629
261
20
675
568
426
576
169
636
124
230
222
555
455
485
192
429
132
405
125
182
579
361
376
319
22
0
67
367
194
229
400
1
422
214
614
640
233
74
436
570
105
219
297
58
169
171
684
145
328
270
324
88
468
422
185
128
54
686
445
110
448
641
30
350
565
491
661
603
409
55
364
138
493
341
221
561
299
458
197
23
303
333
401
282
444
243
4
616
446
133
100
570
582
468
416
390
625
570
605
629
487
30
268
459
594
48
62
644
355
569
297
247
196
131
32
97
109
318
495
267
594
206
321
260
525
212
649
607
338
184
468
578
134
577
617
81
678
157
109
262
201
651
170
242
513
412
282
544
124
561
252
481
282
323
582
52
292
329
466
244
695
183
177
161
351
14
563
440
132
699
252
352
106
405
644
362
569
218
209
544
347
606
180
58
331
188
374
573
124
525
4
249
578
91
293
655
450
3
642
220
632
75
606
502
146
408
21
117
36
343
347
277
106
279
534
42
315
672
217
236
192
199
381
379
382
683
18
263
210
438
585
82
365
664
136
611
432
26
295
594
338
295
668
354
13
258
300
654
283
147
119
365
593
151
445
364
519
599
3
71
283
524
205
365
233
219
128
284
324
588
695
37
531
53
518
236
690
593
556
637
367
38
249
363
514
140
282
82
157
372
384
52
682
557
503
184
403
151
152
141
571
182
697
358
339
665
83
318
692
417
259
410
312
40
214
683
396
168
178
436
540
429
377
593
591
269
632
673
687
576
83
221
413
68
517
253
686
228
642
342
461
422
272
155
32
5
7
673
498
197
302
198
240
214
243
332
33
532
151
55
525
111
458
521
17
562
370
563
156
605
484
286
613
612
573
24
548
198
102
480
421
132
6
656
497
292
613
126
461
190
130
415
536
75
283
388
196
343
677
131
25
313
664
506
333
343
624
487
409
59
669
697
693
425
274
526
179
362
140
658
138
179
575
455
394
636
693
231
297
29
366
348
321
423
330
616
552
270
410
249
553
146
539
35
137
564
45
12
402
505
398
537
253
95
632
197
242
295
604
382
349
310
169
320
76
619
586
221
3
499
319
595
314
281
433
419
329
385
96
487
142
556
621
63
621
589
5
63
352
216
609
601
527
432
90
590
594
666
476
448
134
120
435
360
670
72
10
341
570
632
491
474
227
128
384
123
275
559
92
7
220
573
279
111
248
1
496
47
39
639
505
347
216
623
689
536
651
50
150
593
400
133
326
340
421
592
616
6
242
371
683
632
402
200
402
13
63
466
580
505
291
59
72
239
406
130
514
47
651
115
581
58
86
228
264
99
21
496
80
140
195
282
595
550
442
237
331
78
685
523
166
698
282
197
10
492
199
62
206
609
332
260
576
625
349
548
307
223
609
37
44
64
361
389
12
182
29
639
412
632
673
413
106
193
537
629
314
45
31
528
693
55
693
304
45
573
148
467
349
254
274
482
160
419
593
574
242
630
105
178
83
92
140
629
695
233
550
516
388
115
192
678
359
155
25
696
571
67
279
447
631
346
424
175
65
105
651
230
652
632
455
71
344
433
74
366
171
57
70
122
296
185
471
365
375
599
286
131
347
83
472
545
260
589
320
313
134
529
594
437
323
207
347
477
37
629
678
443
20
262
370
213
694
336
115
492
242
70
7
233
387
233
128
30
98
261
308
696
15
160
686
618
655
223
337
689
532
613
476
152
634
473
316
455
603
60
117
469
72
128
123
511
498
128
698
204
459
581
570
198
516
578
556
279
424
444
650
438
340
460
641
480
371
463
685
580
190
369
224
319
261
641
332
676
492
248
580
380
108
325
224
218
530
518
332
203
74
218
504
296
390
587
589
185
501
646
322
3
696
626
37
533
664
26
629
577
334
539
638
218
49
645
135
81
84
381
669
517
344
358
228
640
240
650
627
613
518
444
597
556
631
588
99
133
294
581
562
493
371
455
577
174
541
2
388
301
558
423
556
659
575
202
667
649
448
364
496
458
452
332
504
632
657
546
288
529
263
132
135
168
51
361
564
39
665
646
453
78
469
555
216
519
359
228
107
100
134
554
455
322
63
390
13
690
533
501
472
175
279
630
8
279
678
148
416
63
666
287
240
390
12
646
389
238
380
507
433
252
332
92
641
322
265
139
158
210
60
237
40
337
610
235
93
49
689
573
529
405
389
480
120
460
231
208
657
329
665
27
482
253
696
645
257
474
12
589
421
377
37
497
496
596
491
227
30
407
627
172
218
616
357
597
192
617
142
104
225
46
404
536
356
400
117
591
364
198
425
70
276
458
0
346
151
476
603
506
71
428
244
676
27
257
21
362
538
127
138
391
104
82
283
503
221
336
504
627
141
2
692
665
558
102
145
376
405
689
650
188
464
476
553
158
109
205
172
20
36
354
334
360
496
672
2
174
7
670
691
328
521
549
169
238
38
592
273
578
287
563
280
422
89
336
376
546
500
74
415
241
40
108
358
437
37
314
655
679
664
137
80
388
139
557
599
65
602
305
515
229
389
253
492
643
442
631
380
495
115
537
450
63
9
88
139
219
236
395
208
165
503
382
535
379
148
596
563
546
405
200
87
289
450
513
20
583
43
638
346
594
171
170
376
9
403
403
216
177
8
543
186
172
331
564
658
654
99
372
393
381
235
441
473
205
191
606
290
190
496
692
316
679
659
573
155
199
125
415
405
641
406
681
645
612
218
7
143
569
649
623
77
79
623
53
426
338
639
627
34
492
565
230
541
353
64
694
125
633
37
212
54
648
570
254
625
417
259
263
389
100
470
483
266
315
595
423
325
644
611
25
646
214
47
87
185
565
93
460
651
627
318
37
336
77
523
263
530
340
617
518
648
122
589
522
442
393
558
68
123
414
594
221
564
606
332
219
504
203
471
9
664
154
492
362
674
298
609
62
63
247
274
13
637
484
47
5
515
201
164
362
102
333
417
77
446
314
585
71
259
46
117
396
82
148
455
516
584
652
349
172
681
96
249
610
315
514
655
16
442
47
621
528
396
505
331
526
346
401
226
202
321
123
348
424
23
675
115
298
371
454
355
213
340
602
666
324
410
487
697
151
230
519
205
80
244
69
81
188
468
139
196
328
303
377
675
130
56
646
644
304
49
470
258
385
675
101
161
388
631
204
474
689
605
166
464
334
515
154
627
355
414
680
541
22
575
66
159
383
245
449
174
491
536
513
491
328
332
241
482
249
628
169
134
524
353
290
266
78
367
76
563
699
74
248
347
507
83
371
216
557
10
592
325
186
540
630
45
34
141
679
13
248
20
517
552
323
355
233
447
97
494
406
404
323
153
624
316
172
66
427
437
573
206
396
453
206
187
134
125
330
479
657
614
512
184
325
1
597
279
254
595
371
80
445
428
13
683
278
453
60
197